%YAML:1.0
---
haha: 12345
